100 0.000000 0 0.000000
100 0.000000 0 0.000000
100 0.000000 0 0.000000
100 0.000000 0 0.000000
100 0.000000 0 0.000000
100 0.000000 0 0.000000
100 0.000000 0 0.000000
100 0.000000 0 0.000000
100 0.000000 0 0.000000
100 0.000000 0 0.000000
100 0.000000 0 0.000000
100 0.000000 0 0.000000
100 0.000000 0 0.000000
100 0.000000 0 0.000000
100 0.000000 0 0.000000
100 0.000000 0 0.000000
100 0.000000 0 0.000000
100 0.000000 0 0.000000
100 0.000000 0 0.000000
100 0.000000 0 0.000000
100 0.400000 0 0.000000
100 0.400000 0 0.000000
100 0.400000 0 0.000000
100 0.400000 0 0.000000
100 0.400000 0 0.000000
100 0.400000 0 0.000000
100 0.400000 0 0.000000
100 0.400000 0 0.000000
100 0.400000 0 0.000000
100 0.400000 0 0.000000
100 0.400000 0 0.000000
100 0.400000 0 0.000000
100 0.400000 0 0.000000
100 0.400000 0 0.000000
100 0.400000 0 0.000000
100 0.400000 0 0.000000
100 0.400000 0 0.000000
100 0.400000 0 0.000000
100 0.400000 0 0.000000
100 0.400000 0 0.000000
100 0.500000 0 0.000000
100 0.500000 0 0.000000
100 0.500000 0 0.000000
100 0.500000 0 0.000000
100 0.500000 0 0.000000
100 0.500000 0 0.000000
100 0.500000 0 0.000000
100 0.500000 0 0.000000
100 0.500000 0 0.000000
100 0.500000 0 0.000000
100 0.500000 0 0.000000
100 0.500000 0 0.000000
100 0.500000 0 0.000000
100 0.500000 0 0.000000
100 0.500000 0 0.000000
100 0.500000 0 0.000000
100 0.500000 0 0.000000
100 0.500000 0 0.000000
100 0.500000 0 0.000000
100 0.500000 0 0.000000
100 0.550000 0 0.000000
100 0.550000 0 0.000000
100 0.550000 0 0.000000
100 0.550000 0 0.000000
100 0.550000 0 0.000000
100 0.550000 0 0.000000
100 0.550000 0 0.000000
100 0.550000 0 0.000000
100 0.550000 0 0.000000
100 0.550000 0 0.000000
100 0.550000 0 0.000000
100 0.550000 0 0.000000
100 0.550000 0 0.000000
100 0.550000 0 0.000000
100 0.550000 0 0.000000
100 0.550000 0 0.000000
100 0.550000 0 0.000000
100 0.550000 0 0.000000
100 0.550000 0 0.000000
100 0.550000 0 0.000000
100 0.580000 0 0.000000
100 0.580000 0 0.000000
100 0.580000 0 0.000000
100 0.580000 0 0.000000
100 0.580000 0 0.000000
100 0.580000 0 0.000000
100 0.580000 0 0.000000
100 0.580000 0 0.000000
100 0.580000 0 0.000000
100 0.580000 0 0.000000
100 0.580000 0 0.000000
100 0.580000 0 0.000000
100 0.580000 0 0.000000
100 0.580000 0 0.000000
100 0.580000 0 0.000000
100 0.580000 0 0.000000
100 0.580000 0 0.000000
100 0.580000 0 0.000000
100 0.580000 0 0.000000
100 0.580000 0 0.000000
100 0.585000 0 0.000000
100 0.585000 1 0.432700
100 0.585000 1 0.276800
100 0.585000 0 0.000000
100 0.585000 1 0.270100
100 0.585000 0 0.000000
100 0.585000 0 0.000000
100 0.585000 0 0.000000
100 0.585000 0 0.000000
100 0.585000 0 0.000000
100 0.585000 0 0.000000
100 0.585000 1 0.267100
100 0.585000 0 0.000000
100 0.585000 0 0.000000
100 0.585000 0 0.000000
100 0.585000 0 0.000000
100 0.585000 0 0.000000
100 0.585000 0 0.000000
100 0.585000 1 0.247600
100 0.585000 0 0.000000
100 0.590000 0 0.000000
100 0.590000 1 0.454100
100 0.590000 1 0.281900
100 0.590000 0 0.000000
100 0.590000 1 0.281800
100 0.590000 0 0.000000
100 0.590000 0 0.000000
100 0.590000 0 0.000000
100 0.590000 0 0.000000
100 0.590000 0 0.000000
100 0.590000 0 0.000000
100 0.590000 1 0.309900
100 0.590000 0 0.000000
100 0.590000 0 0.000000
100 0.590000 0 0.000000
100 0.590000 0 0.000000
100 0.590000 0 0.000000
100 0.590000 0 0.000000
100 0.590000 1 0.257000
100 0.590000 0 0.000000
100 0.595000 0 0.000000
100 0.595000 1 0.462700
100 0.595000 1 0.315700
100 0.595000 0 0.000000
100 0.595000 1 0.451100
100 0.595000 0 0.000000
100 0.595000 1 0.379800
100 0.595000 0 0.000000
100 0.595000 0 0.000000
100 0.595000 0 0.000000
100 0.595000 0 0.000000
100 0.595000 1 0.349800
100 0.595000 0 0.000000
100 0.595000 1 0.409600
100 0.595000 0 0.000000
100 0.595000 0 0.000000
100 0.595000 0 0.000000
100 0.595000 0 0.000000
100 0.595000 1 0.326900
100 0.595000 1 0.407400
100 0.600000 1 0.420000
100 0.600000 1 0.477900
100 0.600000 1 0.354700
100 0.600000 0 0.000000
100 0.600000 1 0.475100
100 0.600000 0 0.000000
100 0.600000 1 0.391200
100 0.600000 0 0.000000
100 0.600000 1 0.410900
100 0.600000 0 0.000000
100 0.600000 0 0.000000
100 0.600000 1 0.414700
100 0.600000 0 0.000000
100 0.600000 1 0.445400
100 0.600000 0 0.000000
100 0.600000 0 0.000000
100 0.600000 0 0.000000
100 0.600000 0 0.000000
100 0.600000 1 0.473200
100 0.600000 1 0.418200
100 0.700000 1 0.683300
100 0.700000 1 0.678100
100 0.700000 1 0.685000
100 0.700000 1 0.680800
100 0.700000 1 0.679500
100 0.700000 1 0.677300
100 0.700000 1 0.686600
100 0.700000 1 0.681900
100 0.700000 1 0.685300
100 0.700000 1 0.684700
100 0.700000 1 0.681800
100 0.700000 1 0.683100
100 0.700000 1 0.674800
100 0.700000 1 0.687600
100 0.700000 1 0.686700
100 0.700000 1 0.684100
100 0.700000 1 0.687800
100 0.700000 1 0.676000
100 0.700000 1 0.685000
100 0.700000 1 0.680200
100 0.800000 1 0.798500
100 0.800000 1 0.797800
100 0.800000 1 0.798000
100 0.800000 1 0.797900
100 0.800000 1 0.798100
100 0.800000 1 0.797900
100 0.800000 1 0.798900
100 0.800000 1 0.797600
100 0.800000 1 0.797300
100 0.800000 1 0.799100
100 0.800000 1 0.797300
100 0.800000 1 0.798400
100 0.800000 1 0.798000
100 0.800000 1 0.798600
100 0.800000 1 0.798300
100 0.800000 1 0.798400
100 0.800000 1 0.798800
100 0.800000 1 0.798300
100 0.800000 1 0.798700
100 0.800000 1 0.798300
100 1.000000 1 1.000000
100 1.000000 1 1.000000
100 1.000000 1 1.000000
100 1.000000 1 1.000000
100 1.000000 1 1.000000
100 1.000000 1 1.000000
100 1.000000 1 1.000000
100 1.000000 1 1.000000
100 1.000000 1 1.000000
100 1.000000 1 1.000000
100 1.000000 1 1.000000
100 1.000000 1 1.000000
100 1.000000 1 1.000000
100 1.000000 1 1.000000
100 1.000000 1 1.000000
100 1.000000 1 1.000000
100 1.000000 1 1.000000
100 1.000000 1 1.000000
100 1.000000 1 1.000000
100 1.000000 1 1.000000
200 0.000000 0 0.000000
200 0.000000 0 0.000000
200 0.000000 0 0.000000
200 0.000000 0 0.000000
200 0.000000 0 0.000000
200 0.000000 0 0.000000
200 0.000000 0 0.000000
200 0.000000 0 0.000000
200 0.000000 0 0.000000
200 0.000000 0 0.000000
200 0.000000 0 0.000000
200 0.000000 0 0.000000
200 0.000000 0 0.000000
200 0.000000 0 0.000000
200 0.000000 0 0.000000
200 0.000000 0 0.000000
200 0.000000 0 0.000000
200 0.000000 0 0.000000
200 0.000000 0 0.000000
200 0.000000 0 0.000000
200 0.400000 0 0.000000
200 0.400000 0 0.000000
200 0.400000 0 0.000000
200 0.400000 0 0.000000
200 0.400000 0 0.000000
200 0.400000 0 0.000000
200 0.400000 0 0.000000
200 0.400000 0 0.000000
200 0.400000 0 0.000000
200 0.400000 0 0.000000
200 0.400000 0 0.000000
200 0.400000 0 0.000000
200 0.400000 0 0.000000
200 0.400000 0 0.000000
200 0.400000 0 0.000000
200 0.400000 0 0.000000
200 0.400000 0 0.000000
200 0.400000 0 0.000000
200 0.400000 0 0.000000
200 0.400000 0 0.000000
200 0.500000 0 0.000000
200 0.500000 0 0.000000
200 0.500000 0 0.000000
200 0.500000 0 0.000000
200 0.500000 0 0.000000
200 0.500000 0 0.000000
200 0.500000 0 0.000000
200 0.500000 0 0.000000
200 0.500000 0 0.000000
200 0.500000 0 0.000000
200 0.500000 0 0.000000
200 0.500000 0 0.000000
200 0.500000 0 0.000000
200 0.500000 0 0.000000
200 0.500000 0 0.000000
200 0.500000 0 0.000000
200 0.500000 0 0.000000
200 0.500000 0 0.000000
200 0.500000 0 0.000000
200 0.500000 0 0.000000
200 0.550000 0 0.000000
200 0.550000 0 0.000000
200 0.550000 0 0.000000
200 0.550000 0 0.000000
200 0.550000 0 0.000000
200 0.550000 0 0.000000
200 0.550000 0 0.000000
200 0.550000 0 0.000000
200 0.550000 0 0.000000
200 0.550000 0 0.000000
200 0.550000 0 0.000000
200 0.550000 0 0.000000
200 0.550000 0 0.000000
200 0.550000 0 0.000000
200 0.550000 0 0.000000
200 0.550000 0 0.000000
200 0.550000 0 0.000000
200 0.550000 0 0.000000
200 0.550000 0 0.000000
200 0.550000 0 0.000000
200 0.580000 0 0.000000
200 0.580000 0 0.000000
200 0.580000 0 0.000000
200 0.580000 0 0.000000
200 0.580000 0 0.000000
200 0.580000 0 0.000000
200 0.580000 0 0.000000
200 0.580000 0 0.000000
200 0.580000 0 0.000000
200 0.580000 0 0.000000
200 0.580000 0 0.000000
200 0.580000 0 0.000000
200 0.580000 0 0.000000
200 0.580000 0 0.000000
200 0.580000 0 0.000000
200 0.580000 0 0.000000
200 0.580000 0 0.000000
200 0.580000 0 0.000000
200 0.580000 0 0.000000
200 0.580000 0 0.000000
200 0.585000 0 0.000000
200 0.585000 0 0.000000
200 0.585000 0 0.000000
200 0.585000 0 0.000000
200 0.585000 1 0.296825
200 0.585000 0 0.000000
200 0.585000 0 0.000000
200 0.585000 0 0.000000
200 0.585000 0 0.000000
200 0.585000 0 0.000000
200 0.585000 0 0.000000
200 0.585000 0 0.000000
200 0.585000 0 0.000000
200 0.585000 0 0.000000
200 0.585000 0 0.000000
200 0.585000 0 0.000000
200 0.585000 0 0.000000
200 0.585000 0 0.000000
200 0.585000 0 0.000000
200 0.585000 0 0.000000
200 0.590000 1 0.336675
200 0.590000 0 0.000000
200 0.590000 0 0.000000
200 0.590000 0 0.000000
200 0.590000 1 0.306275
200 0.590000 0 0.000000
200 0.590000 0 0.000000
200 0.590000 0 0.000000
200 0.590000 0 0.000000
200 0.590000 0 0.000000
200 0.590000 0 0.000000
200 0.590000 0 0.000000
200 0.590000 0 0.000000
200 0.590000 1 0.246350
200 0.590000 1 0.297250
200 0.590000 0 0.000000
200 0.590000 0 0.000000
200 0.590000 0 0.000000
200 0.590000 1 0.216300
200 0.590000 0 0.000000
200 0.595000 1 0.352475
200 0.595000 0 0.000000
200 0.595000 0 0.000000
200 0.595000 0 0.000000
200 0.595000 1 0.331575
200 0.595000 1 0.322075
200 0.595000 1 0.333525
200 0.595000 0 0.000000
200 0.595000 0 0.000000
200 0.595000 0 0.000000
200 0.595000 0 0.000000
200 0.595000 0 0.000000
200 0.595000 1 0.298500
200 0.595000 1 0.316975
200 0.595000 1 0.322725
200 0.595000 0 0.000000
200 0.595000 1 0.417400
200 0.595000 1 0.393375
200 0.595000 1 0.348150
200 0.595000 1 0.352100
200 0.600000 1 0.493375
200 0.600000 1 0.444800
200 0.600000 1 0.386725
200 0.600000 1 0.451075
200 0.600000 1 0.348825
200 0.600000 1 0.439675
200 0.600000 1 0.353350
200 0.600000 0 0.000000
200 0.600000 0 0.000000
200 0.600000 0 0.000000
200 0.600000 0 0.000000
200 0.600000 0 0.000000
200 0.600000 1 0.314025
200 0.600000 1 0.456475
200 0.600000 1 0.377025
200 0.600000 0 0.000000
200 0.600000 1 0.438800
200 0.600000 1 0.405700
200 0.600000 1 0.383350
200 0.600000 1 0.395250
200 0.700000 1 0.685675
200 0.700000 1 0.682025
200 0.700000 1 0.686275
200 0.700000 1 0.685675
200 0.700000 1 0.685400
200 0.700000 1 0.688475
200 0.700000 1 0.686425
200 0.700000 1 0.687250
200 0.700000 1 0.687250
200 0.700000 1 0.683875
200 0.700000 1 0.685400
200 0.700000 1 0.683875
200 0.700000 1 0.683950
200 0.700000 1 0.686550
200 0.700000 1 0.685900
200 0.700000 1 0.684225
200 0.700000 1 0.685175
200 0.700000 1 0.685375
200 0.700000 1 0.688225
200 0.700000 1 0.688225
200 0.800000 1 0.797875
200 0.800000 1 0.797625
200 0.800000 1 0.798050
200 0.800000 1 0.798025
200 0.800000 1 0.797900
200 0.800000 1 0.798675
200 0.800000 1 0.797975
200 0.800000 1 0.798525
200 0.800000 1 0.797800
200 0.800000 1 0.798075
200 0.800000 1 0.797875
200 0.800000 1 0.797950
200 0.800000 1 0.798075
200 0.800000 1 0.797725
200 0.800000 1 0.798450
200 0.800000 1 0.798375
200 0.800000 1 0.798125
200 0.800000 1 0.798075
200 0.800000 1 0.797600
200 0.800000 1 0.797950
200 1.000000 1 1.000000
200 1.000000 1 1.000000
200 1.000000 1 1.000000
200 1.000000 1 1.000000
200 1.000000 1 1.000000
200 1.000000 1 1.000000
200 1.000000 1 1.000000
200 1.000000 1 1.000000
200 1.000000 1 1.000000
200 1.000000 1 1.000000
200 1.000000 1 1.000000
200 1.000000 1 1.000000
200 1.000000 1 1.000000
200 1.000000 1 1.000000
200 1.000000 1 1.000000
200 1.000000 1 1.000000
200 1.000000 1 1.000000
200 1.000000 1 1.000000
200 1.000000 1 1.000000
200 1.000000 1 1.000000
500 0.000000 0 0.000000
500 0.000000 0 0.000000
500 0.000000 0 0.000000
500 0.000000 0 0.000000
500 0.000000 0 0.000000
500 0.000000 0 0.000000
500 0.000000 0 0.000000
500 0.000000 0 0.000000
500 0.000000 0 0.000000
500 0.000000 0 0.000000
500 0.000000 0 0.000000
500 0.000000 0 0.000000
500 0.000000 0 0.000000
500 0.000000 0 0.000000
500 0.000000 0 0.000000
500 0.000000 0 0.000000
500 0.000000 0 0.000000
500 0.000000 0 0.000000
500 0.000000 0 0.000000
500 0.000000 0 0.000000
500 0.400000 0 0.000000
500 0.400000 0 0.000000
500 0.400000 0 0.000000
500 0.400000 0 0.000000
500 0.400000 0 0.000000
500 0.400000 0 0.000000
500 0.400000 0 0.000000
500 0.400000 0 0.000000
500 0.400000 0 0.000000
500 0.400000 0 0.000000
500 0.400000 0 0.000000
500 0.400000 0 0.000000
500 0.400000 0 0.000000
500 0.400000 0 0.000000
500 0.400000 0 0.000000
500 0.400000 0 0.000000
500 0.400000 0 0.000000
500 0.400000 0 0.000000
500 0.400000 0 0.000000
500 0.400000 0 0.000000
500 0.500000 0 0.000000
500 0.500000 0 0.000000
500 0.500000 0 0.000000
500 0.500000 0 0.000000
500 0.500000 0 0.000000
500 0.500000 0 0.000000
500 0.500000 0 0.000000
500 0.500000 0 0.000000
500 0.500000 0 0.000000
500 0.500000 0 0.000000
500 0.500000 0 0.000000
500 0.500000 0 0.000000
500 0.500000 0 0.000000
500 0.500000 0 0.000000
500 0.500000 0 0.000000
500 0.500000 0 0.000000
500 0.500000 0 0.000000
500 0.500000 0 0.000000
500 0.500000 0 0.000000
500 0.500000 0 0.000000
500 0.550000 0 0.000000
500 0.550000 0 0.000000
500 0.550000 0 0.000000
500 0.550000 0 0.000000
500 0.550000 0 0.000000
500 0.550000 0 0.000000
500 0.550000 0 0.000000
500 0.550000 0 0.000000
500 0.550000 0 0.000000
500 0.550000 0 0.000000
500 0.550000 0 0.000000
500 0.550000 0 0.000000
500 0.550000 0 0.000000
500 0.550000 0 0.000000
500 0.550000 0 0.000000
500 0.550000 0 0.000000
500 0.550000 0 0.000000
500 0.550000 0 0.000000
500 0.550000 0 0.000000
500 0.550000 0 0.000000
500 0.580000 0 0.000000
500 0.580000 0 0.000000
500 0.580000 0 0.000000
500 0.580000 0 0.000000
500 0.580000 0 0.000000
500 0.580000 0 0.000000
500 0.580000 0 0.000000
500 0.580000 0 0.000000
500 0.580000 0 0.000000
500 0.580000 0 0.000000
500 0.580000 0 0.000000
500 0.580000 0 0.000000
500 0.580000 0 0.000000
500 0.580000 0 0.000000
500 0.580000 0 0.000000
500 0.580000 0 0.000000
500 0.580000 0 0.000000
500 0.580000 0 0.000000
500 0.580000 0 0.000000
500 0.580000 0 0.000000
500 0.585000 0 0.000000
500 0.585000 0 0.000000
500 0.585000 0 0.000000
500 0.585000 0 0.000000
500 0.585000 0 0.000000
500 0.585000 0 0.000000
500 0.585000 0 0.000000
500 0.585000 0 0.000000
500 0.585000 0 0.000000
500 0.585000 0 0.000000
500 0.585000 0 0.000000
500 0.585000 0 0.000000
500 0.585000 0 0.000000
500 0.585000 0 0.000000
500 0.585000 0 0.000000
500 0.585000 0 0.000000
500 0.585000 0 0.000000
500 0.585000 0 0.000000
500 0.585000 0 0.000000
500 0.585000 0 0.000000
500 0.590000 0 0.000000
500 0.590000 0 0.000000
500 0.590000 0 0.000000
500 0.590000 0 0.000000
500 0.590000 1 0.286612
500 0.590000 0 0.000000
500 0.590000 0 0.000000
500 0.590000 0 0.000000
500 0.590000 0 0.000000
500 0.590000 0 0.000000
500 0.590000 0 0.000000
500 0.590000 0 0.000000
500 0.590000 1 0.288928
500 0.590000 1 0.243384
500 0.590000 0 0.000000
500 0.590000 0 0.000000
500 0.590000 0 0.000000
500 0.590000 0 0.000000
500 0.590000 0 0.000000
500 0.590000 0 0.000000
500 0.595000 1 0.335416
500 0.595000 1 0.314640
500 0.595000 1 0.253104
500 0.595000 0 0.000000
500 0.595000 1 0.298988
500 0.595000 1 0.357520
500 0.595000 0 0.000000
500 0.595000 1 0.325096
500 0.595000 0 0.000000
500 0.595000 0 0.000000
500 0.595000 0 0.000000
500 0.595000 1 0.351480
500 0.595000 1 0.364948
500 0.595000 1 0.258744
500 0.595000 0 0.000000
500 0.595000 1 0.333548
500 0.595000 0 0.000000
500 0.595000 1 0.381352
500 0.595000 0 0.000000
500 0.595000 1 0.319408
500 0.600000 1 0.441192
500 0.600000 1 0.444448
500 0.600000 1 0.391884
500 0.600000 0 0.000000
500 0.600000 1 0.423796
500 0.600000 1 0.411748
500 0.600000 0 0.000000
500 0.600000 1 0.366724
500 0.600000 1 0.459944
500 0.600000 1 0.384304
500 0.600000 1 0.441732
500 0.600000 1 0.408264
500 0.600000 1 0.458680
500 0.600000 1 0.441112
500 0.600000 1 0.394592
500 0.600000 1 0.399992
500 0.600000 0 0.000000
500 0.600000 1 0.426576
500 0.600000 1 0.381072
500 0.600000 1 0.450632
500 0.700000 1 0.687272
500 0.700000 1 0.687080
500 0.700000 1 0.687036
500 0.700000 1 0.687196
500 0.700000 1 0.687212
500 0.700000 1 0.687420
500 0.700000 1 0.687788
500 0.700000 1 0.687748
500 0.700000 1 0.687152
500 0.700000 1 0.687292
500 0.700000 1 0.687312
500 0.700000 1 0.686788
500 0.700000 1 0.687820
500 0.700000 1 0.686952
500 0.700000 1 0.687876
500 0.700000 1 0.687884
500 0.700000 1 0.686880
500 0.700000 1 0.687468
500 0.700000 1 0.687348
500 0.700000 1 0.686604
500 0.800000 1 0.798316
500 0.800000 1 0.798376
500 0.800000 1 0.797972
500 0.800000 1 0.798260
500 0.800000 1 0.798128
500 0.800000 1 0.798172
500 0.800000 1 0.798452
500 0.800000 1 0.798496
500 0.800000 1 0.798376
500 0.800000 1 0.798408
500 0.800000 1 0.798248
500 0.800000 1 0.798268
500 0.800000 1 0.798172
500 0.800000 1 0.798204
500 0.800000 1 0.798160
500 0.800000 1 0.798416
500 0.800000 1 0.798276
500 0.800000 1 0.798216
500 0.800000 1 0.798336
500 0.800000 1 0.798148
500 1.000000 1 1.000000
500 1.000000 1 1.000000
500 1.000000 1 1.000000
500 1.000000 1 1.000000
500 1.000000 1 1.000000
500 1.000000 1 1.000000
500 1.000000 1 1.000000
500 1.000000 1 1.000000
500 1.000000 1 1.000000
500 1.000000 1 1.000000
500 1.000000 1 1.000000
500 1.000000 1 1.000000
500 1.000000 1 1.000000
500 1.000000 1 1.000000
500 1.000000 1 1.000000
500 1.000000 1 1.000000
500 1.000000 1 1.000000
500 1.000000 1 1.000000
500 1.000000 1 1.000000
500 1.000000 1 1.000000
