100 0.590000 0 0.000000
61 5 1 3 37 1 9 55 1 1 23 8 1 366 1 5 5 2 1 3 2 2 4 1 8 8 1 18 11 1 27 2 187 1 2179 1 1 2 2 8 1 19 1 2 7 14 1 1 11 1 1 15 1 2 1 4 1 8 3 1 147 5 6 1 1 1 4 1 1 16 3 5 1 1 1 16 1 1 1 1 1 2 1 1 1 2 4 1 1 1 3 1 77 1 6 1 21 1 1 2 1 1 2 2 1 1 1 2 1 3 1 1 1 1 4 1 1 1 6 1 1 2 1 1 1 2 70 1 7 20 1 1 1 5 1 3 1 2 13 1 2 1 2 1 4 1 23 2 1 2 1 2 3 1 2 18 1 1 1 1 1 104 2 1 1 2 1 1 1 2 1 2 2 5 2 11 15 32 10 7 1 1 12 1 1 1 1 1 1 16 46 1 945 1 1 1 3 1 1 8 1 1 1 1 8 3 2 2 1 1 3 1 4 1 1 3 1 2 2 4 1 8 1 1 1 1 2 3 3 21 81 1 1 1 1 1 3 20 1 1 1 1 1 141 1 5 1 1 10 1 1 1 7 3 1 1 8 1 1 1 1 3 1 38 2 3 1 1 7 1 1 14 1 5 1 1 2 1 74 4 1 60 1 1 1 2 1 2 1 66 1 1 2 48 1 1 1 1 1 1 1 34 1 31 13 1 1 2 3 28 2 1 1 1 4 1 2 2 5 2 4 6 1 16 4 5 2 1 1 1 1 1 1 1 1 
100 0.590000 1 0.454100
15 1 1 4541 7 12 6 5 3 5 2 97 1 1 40 4 1 1 9 6 1 1 1 1 1 1 1 7 1 2 3 4 2 37 3 12 3 1 1 1 4 1 9 1 1 1 1 1 5 1 1 1 1 1 1 3 1 1 1 3 3 1 1 1 2 1 1 1 2 1 4 2 10 1 2 1 1 5 13 1 8 1 1 3 12 1 43 1 1 6 1 2 1 1 1 5 93 3 1 1 14 2 5 1 1 5 1 6 1 5 2 10 1 1 38 5 4 1 12 1 3 3 1 2 2 4 1 1 12 1 2 1 1 1 2 5 1 1 9 3 1 1 1 1 22 1 17 1 2 1 1 1 1 2 10 1 3 2 1 1 1 4 3 6 4 4 1 2 1 1 1 1 1 1 1 6 8 2 4 1 1 1 11 3 1 3 1 1 1 2 1 2 1 1 1 1 20 2 1 1 8 4 13 1 8 2 2 1 3 13 1 9 1 1 2 16 15 2 4 3 1 1 1 1 2 2 4 17 2 1 1 11 1 1 1 1 1 1 1 1 1 1 2 1 1 1 2 1 1 10 1 2 2 4 1 2 4 1 6 28 1 2 15 1 2 1 2 6 1 22 1 7 1 1 1 2 2 1 2 1 6 2 1 1 16 29 16 1 15 1 3 1 1 1 2 4 1 9 2 4 1 1 1 1 1 1 
100 0.590000 1 0.281900
549 3 4 13 4 31 5 6 7 17 2 2819 50 1 4 82 3 6 1 1 1 1 2 2 1 1 1 1 1 2 1 1 27 3 1 1 7 2 1 1 1 1 1 6 1 15 2 7 1 1 1 2 1 2 1 20 1 4 1 10 1 1 5 1 1 1 1 18 1 1 1 1 4 1 1 1 1 5 1 1 7 2 1 1 2 1 260 1 1 2 2 5 1 1 1 8 1 3 3 2 1 1 1 2 3 1 1 2 10 3 1 1 1 11 240 1 1 18 1 1 1 1 1 1 2 1 2 2 6 3 1 1 13 5 5 1 1 3 1 1 1 3 1 1 1 8 1 1 1 8 7 2 1 1 17 1 2 3 1 2 1 110 1 1 1 1 3 2 1 1 3 7 1 1 1 2 1 1 1 1 16 2 1 1 223 122 5 2 1 2 1 1 1 1 3 1 63 1 1 1 1 1 1 16 2 1 2 3 1 483 1 5 1 1 16 2 6 1 1 1 8 33 1 1 3 1 1 2 5 1 2 2 1 4 2 3 2 1 2 3 2 2 1 1 1 2 1 1 1 5 1 1 1 1 1 3 23 1 4 3 1 2 29 1 1 1 1 1 1 1 1 1 2 1 3 1 1 1 24 1 3 1 2 10 5 3 3 4 1 1 1 1 2 3 1 
100 0.590000 0 0.000000
20 5 37 244 3 1 1484 4 8 1 1 16 243 1 1 1 2 1 1 2 1 1 1 1 1 9 1 1 2 6 1 1 1 1 43 2 3 1 181 1 1 1 1 1 1 1 2 1 10 1 4 1 1 1 1 8 1 2 2 2 1 1 4 2 3 1 1 1 6 2 3 4 2 39 1 1 1 4 1 1 1 1 1 1 10 1 5 2 12 2 2 35 704 1 1 1 22 1 1 45 1 295 1 1 1 1 6 2 1 3 1 5 1 78 2 1 10 9 2 1 1 1 1 1 1 1 1 2 1 1 3 2 4 2 1 1 1 1 1 1 1 1 1 5 1 1 4 1 4 1 1 3 1 1 1 3 1 1 24 1 1 32 4 1 1 1 1 1 3 3 11 26 1 1 3 2 1 2 1 1 122 1 4 1 1 4 50 1 1 1 1 1 2 1 1 2 1 6 1 1 3 1 1 14 11 1 4 1 1 6 29 2 1 2 1 3 1 1 562 1 9 1 3 1 5 75 1 1 4 1 17 8 1 1 1 1 2 1 3 1 5 1 1 1 1 1 1 6 1 2 1 43 12 5 1 2 1 1 1 3 20 1 6 1 2 1 648 1 7 3 1 2 9 1 1 5 15 1 2 4 6 6 1 1 1 9 1 1 1 15 1 11 1 2 1 1 1 1 45 1 3 1 4 22 1 1 4 4 2 1 4 4 1 5 1 4 1 3 1 2 1 1 2 1 1 1 
100 0.590000 1 0.281800
12 18 1 1 2818 1 7 3 79 12 28 1 9 2 2 6 17 1 2 1 6 1 1 1 5 1 23 5 1 1 2 1 2 1 22 1 1 1 1 1 1 7 1 1 3 1 7 1 3 2 1 1 1 1 1 1 23 1 1 1 1 1 8 58 4 1 1 12 1 10 1 4 6 4 3 1 7 1 8 1 2 1 5 3 41 1 10 1 4 1 1 1 3 1 1 1 1 1 1 1 1 3 4 1 7 1 1 1 1 4 1 3 1 7 1 1 1 80 1 1 1 1 2 2 1 1 1 12 1 1 1 4 1 3 1 6 1 20 1 1 4 2 9 9 1 1518 1 3 7 1 1 2 1 1 8 1 2 1 1 6 2 4 3 1 1 1 1 25 1 1 1 1 2 1 1 1 1 2 1 3 2 1 15 3 3 3 1 32 1 1 1 1 1 2 3 1 3 1 1 2 11 1 1 1 22 1 1 8 5 2 3 38 4 1 20 1 4 5 1 1 1 1 1 1 1 1 1 1 1 6 4 1 1 5 1 1 2 2 1 1 4 1 3 1 1 1 7 9 1 1 1 1 6 15 6 1 37 1 9 2 1 37 3 3 1 1 41 1 1 4 1 3 4 1 1 3 21 1 1 1 1 1 1 2 1 2 3 1 1 28 3 2 1 44 1 2 1 32 3 1 1 1 5 1 1 4 1 1 2 2 10 7 1 1 1 1 4 6 1 2 7 4 3 2 2 3 1 2 2 1 5 1 1 2 2 1 1 1 1 1 2 1 1 
100 0.590000 0 0.000000
8 11 419 2289 4 2 8 5 1 4 1 3 1 1 4 3 8 112 1 2 4 1 4 2 1 1 3 1 1 2 1 1 1 25 1 1 1 1 7 1 5 1 1 1 1 1 1 6 1 1 1 1120 12 1 1 1 1 15 1 4 1 2 25 1 1 1 5 1 1 2 1 2 1 2 1 1 16 2 1 4 1 179 1 1 2 1 1 5 1 1 4 1 2 2 1 18 3 1 6 1 2 1 1 3 1 1 1 19 1 1 1 1 1 6 1 2 2 10 1 1 1 1 213 1 1 2 2 1 1 1 1 3 1 1 7 36 1 1 7 1 20 1 1 2 1 1 1 1 1 4 1 1 1 1 2 1 22 1 14 1 2 1 1 5 3 17 3 3 3 1 2 1 38 1 2 1 6 3 112 1 1 1 2 3 6 4 1 13 1 1 2 1 11 1 15 1 1 3 1 1 102 6 3 1 1 1 46 2 1 8 12 5 1 1 2 2 5 9 9 2 1 1 1 1 2 8 6 1 29 2 2 4 1 2 3 2 1 4 1 8 6 1 2 3 1 10 116 1 1 4 1 1 1 1 6 15 1 1 1 1 1 10 1 1 2 61 1 4 1 1 1 1 1 2 13 2 1 1 6 1 1 1 2 6 14 23 32 1 5 3 1 1 1 1 1 1 13 9 16 1 8 1 1 1 3 2 2 13 1 9 3 1 1 2 2 2 3 1 1 1 1 1 2 
100 0.590000 0 0.000000
4 6 6 1 1 48 13 3587 1 5 2 5 1 18 1 1 12 1 2 9 2 4 44 16 32 1 25 22 2 1 7 2 1 1 1 7 1 3 2 1 2 3 3 5 1 4 38 1 15 4 3 2 4 1 1 1 1 4 20 6 1 1 101 1 1 2 15 13 3 1 2 1 1 1 1 6 1 4 2 17 2 2 1 13 2 3 1 3 294 1 4 3 1 16 2 4 56 1 3 10 3 1 2 3 1 1 1 1 2 1 3 3 2 1 1 1 1 1 1 1 1 1 10 1 10 3 1 1 1 2 1 1 1 1 20 15 2 3 5 1 3 1 1 6 1 1 3 1 1 2 1 1 1 1 1 4 1 1 17 1 1 1 1 4 3 1 1 4 1 157 1 1 7 1 1 1 1 2 2 1 1 1 1 1 2 1 3 3 2 51 8 1 1 1 3 1 36 5 1 1 1 35 3 1 3 20 1 1 3 1 1 1 54 1 1 1 1 4 26 1 1 1 37 3 2 1 1 3 11 2 8 2 2 2 2 5 1 1 1 1 5 17 5 68 1 1 1 6 18 1 1 10 1 5 1 1 2 151 1 1 25 1 1 1 3 1 10 5 36 1 2 60 1 2 3 1 1 3 1 1 1 3 1 1 4 1 1 37 1 1 1 11 1 4 1 3 1 4 1 1 1 1 4 1 3 1 5 1 1 1 1 1 1 1 1 1 1 
100 0.590000 0 0.000000
1 1 1 23 26 1927 19 1 13 2 10 1 2 7 1 2 1 1 1 1 1 2 3 9 1 3 8 1 1 8 1 1 2 1 142 1 1 1 1 1 1 1 2 4 1 1 1 1 1 1 6 1 1 1 2 8 2 10 1 4 2 1 11 4 2 48 5 1 6 1 6 1 2 1 5 196 1 4 6 360 1 1 8 3 1 1 63 8 1 1 4 1 2 3 1 3 1 1 12 1 1 1 28 1 1 1 46 1 3 4 6 312 6 1 3 4 2 1 13 1 1 37 1 13 1 1 36 9 1 2 1 1 1 1 1 1 1 5 14 11 1 1 1 8 1 1 6 1 1 5 4 1 6 1 5 1 2 71 1 1 2 3 1 1 2 10 898 1 3 7 4 3 7 1 15 26 2 1 2 1 24 2 2 1 1 1 1 2 14 2 1 1 2 146 46 1 2 1 1 2 1 1 1 1 1 7 1 1 1 119 7 1 1 1 1 1 1 2 2 1 1 1 2 6 28 33 1 3 19 2 18 1 1 1 2 10 1 1 3 1 1 2 1 2 1 1 1 1 2 1 17 2 5 2 1 1 1 1 1 1 2 1 1 20 1 1 10 26 116 1 11 13 2 3 3 1 1 1 5 1 1 1 1 1 113 2 1 151 1 3 19 1 4 1 1 1 1 1 1 1 1 1 2 1 1 1 1 1 17 1 1 1 1 1 4 3 1 2 1 2 1 
100 0.590000 0 0.000000
30 174 1 18 57 1 1 1 2 410 14 4 1 50 7 2 109 2 9 2 1 7 3 1 1 33 8 1 1 1 1 1 2 2 1 2 3 1 45 1 1 1 1 1 1 2 34 3 3208 3 2 12 1 86 1 3 1 2 1 1 1 1 1 2 1 1 45 1 1 1 1 1 1 3 1 5 2 5 2 2 1 1 1 1 1 1 7 1 3 1 1 1 1 3 1 1 1 3 26 1 1 2 2 1 1 1 2 2 1 1 8 2 377 2 2 1 1 1 4 2 3 14 1 8 7 1 1 1 58 22 1 19 1 1 1 1 1 1 13 1 7 1 6 5 1 2 1 1 30 1 1 12 1 1 6 1 1 2 1 1 1 1 4 1 17 1 4 1 1 1 1 1 1 23 6 1 4 2 1 1 104 1 3 1 1 1 64 1 2 3 1 50 4 1 1 2 1 1 1 3 1 1 6 1 1 1 1 5 2 3 4 1 1 1 1 1 1 1 1 3 7 5 17 1 1 1 1 2 1 1 3 1 3 1 1 1 8 1 1 20 1 1 1 1 3 1 1 1 3 20 1 1 8 1 5 1 34 1 3 6 1 1 1 2 1 4 11 3 1 1 58 2 1 17 1 1 1 1 2 9 1 1 1 4 32 1 1 1 1 4 13 2 1 2 8 1 1 5 1 1 1 1 1 1 1 2 1 1 
100 0.590000 0 0.000000
9 1 7 1 4 50 1 1 1 163 1 1 1 2263 1 10 18 4 5 2 9 1 1 1 16 25 2 10 1 1 1 2 3 57 1 1 1 6 10 3 1 1 1 1 1 21 1 59 17 2 1 1 1 1 8 1 1 69 1 1 1 1 1 2 1 16 1 1 3 1 1 11 3 1 1 7 1 1 5 1 1 2 1 2 4 1 1 1 1 1 1 1 2 2 2 2 1 1 1 1 2 5 1 3 2 4 1 4 8 1 1 1 3 1 4 98 1 2 4 1 2 1 11 3 1 6 2 4 4 2 15 1 114 4 3 5 2 1 1 1 4 3 1 1 8 3 2 5 30 463 113 1 1 1 1 4 1 4 2 1 1 1 64 2 56 1 3 3 1 3 1 1 1 1 1 9 86 4 1 7 1 2 6 1 3 96 2 1 1 16 1 1 1 2 1 2 1 6 4 8 1 1 1 14 1 6 1 5 2 2 1 785 1 33 1 1 1 1 1 1 1 1 6 1 1 1 1 5 2 1 1 5 1 52 1 5 1 1 1 1 1 2 1 1 1 1 1 1 1 1 1 2 1 12 1 1 109 1 1 1 1 21 1 1 1 1 1 17 1 1 1 2 4 1 102 8 3 1 1 1 1 1 86 29 1 89 1 2 1 4 1 3 1 1 1 2 6 1 4 1 1 2 1 2 14 1 1 1 1 1 1 5 1 3 1 1 2 3 2 1 1 1 
100 0.590000 0 0.000000
37 5 1182 4 2 128 1 19 2 3 917 23 4 1 1 1 1 1 2 2 2 1 1 1 3 1 1 1 2 1 1 1 1 4 4 1 1 1 1 2 6 11 1 2 1 1 2 1 1 1 1 1 4 11 4 1 12 3 1 1 2 3 1 28 21 14 1 1 2 1 1 1 4 1 169 6 1 1 1 2 1 1 1 2 17 1 1 8 2 1 7 2 1 1 1 5 1 63 1 1 2 7 1 1 3 1 1 1 3 3 2 1 106 2 1 3 1 2 30 2 1 1 2 1 1 1 2 106 1 1 1 1 1 2 5 3 1 1 1040 1 1 1 4 2 1 2 734 13 1 15 3 1 1 5 7 1 15 1 1 1 1 1 1 16 1 4 1 1 1 2 10 1 1 1 13 151 6 1 2 7 1 2 1 1 1 4 2 1 11 1 1 1 7 1 1 4 1 2 1 19 1 1 1 1 1 3 1 1 3 2 31 2 1 2 13 3 1 1 1 1 3 1 1 104 1 1 1 10 1 1 3 1 2 1 1 2 30 1 1 1 2 1 1 1 1 15 3 3 3 12 2 2 1 5 147 1 2 5 12 1 1 1 2 1 1 2 1 2 1 6 1 1 3 11 65 3 1 2 16 1 3 2 1 3 2 1 1 1 3 1 1 1 17 1 6 1 2 5 8 1 2 3 1 
100 0.590000 1 0.309900
80 2 1 32 3 48 35 2 327 1 3 50 3099 2 1 1 1 1 1 4 7 1 1 4 1 1 2 1 6 1 2 1 4 1 1 1 3 1 1 1 1 6 2 1 25 1 21 4 1 1 2 1 3 1 1 3 1 6 1 1 1 1 1 1 3 1 2 1 1 3 4 1 1 3 1 1 3 1 1 1 3 2 7 1 1 2 5 1 1 2 1 57 2 1 2 1 1 1 1 1 1 4 1 1 1 1 1 1 3 5 8 11 1 1 1 1 1 10 1 28 2 16 11 1 1 2 1 1 14 1 1 1 1 1 7 1 7 1 1 25 1 7 1 2 62 1 1 1 1 1 9 1 1 1 2 1 1 14 2 3 1 2 1 1 3 6 88 2 1 3 1 1 1 2 24 13 1 1 1 11 3 1 2 1 1 9 1 2 1 1 1 1 1 1 1 2 14 4 1 5 1 1 1 1 5 1 1 1 1 93 1 1 3 1 1 1 37 1 1 58 1 1 3 1 153 1 14 2 4 1 513 1 3 1 1 11 11 8 1 18 13 6 9 2 2 6 1 1 12 1 2 49 2 1 1 9 5 3 1 4 1 69 1 18 10 2 1 1 1 33 2 1 25 1 3 3 3 1 48 1 1 3 1 23 2 26 15 9 2 1 21 1 1 3 1 1 3 1 5 1 1 1 1 1 1 1 3 1 1 1 1 
100 0.590000 0 0.000000
22 1 25 5 64 1 6 399 3 45 3 39 1 41 3 3 6 2 6 13 1 1445 1 4 3 1 1 1 1 18 16 1 14 29 1 1 1 1 1 1 1 1 5 9 1 1 1 1 1 1 3 1 1 1 18 33 10 1 5 2 1 4 8 4 1 1 1 1 1 1 1 2 59 1 1 1 1 2 2 1 35 3 820 2 1 1 1 2 1 3 1 1 5 4 3 1 2 4 1 1 1 11 2 2 9 37 2 2 1 1 1 5 1 14 1 1 2 1 1 1 4 1 1 1 1 1 1 1 246 1 1 1 1 1 3 7 1 1 7 4 1 1 1 15 1 1 1 14 1 1 7 23 2 1 1 1 1 1 2 1 14 1 1 9 1 10 4 1 1 11 2 6 6 1 4 527 172 1 1 3 1 1 1 5 1 1 1 3 1 1 1 1 1 14 1 2 1 1 1 1 1 1 25 1 61 8 1 2 1 1 11 1 1 1 1 8 2 1 5 3 2 8 9 2 74 1 2 1 1 1 2 1 1 2 214 2 2 4 2 2 18 1 1 1 1 1 1 1 1 1 1 1 4 1 1 1 2 291 4 1 2 1 1 17 1 2 1 1 5 192 1 1 2 2 1 1 1 1 1 8 1 1 4 38 13 1 1 1 1 1 1 3 1 1 1 1 1 1 1 1 13 1 1 11 2 4 1 1 1 1 3 20 1 2 27 1 1 12 1 4 1 17 3 15 1 7 1 8 1 2 3 4 1 3 1 4 1 1 1 2 1 1 1 1 1 2 2 
100 0.590000 0 0.000000
1 360 9 3 7 2 138 83 2 7 1 17 473 1 5 14 5 1 1 1 1 2 1 1 1 5 2 1 2 1 1 4 1 7 1 2 1 17 1 1 1 1 2 3 2 1 1 1 12 1 1 2 16 1 1 1 1 1 1 552 1 1 1 1 1 4 1 1 1 3 1 2 1 2843 3 1 1 3 1 1 5 22 2 1 1 1 1 3 40 2 3 7 5 5 1 1 9 4 15 1 1 16 32 2 1 62 1 36 3 2 2 1 3 3 6 1 1 7 1 1 1 1 1 1 4 3 1 1 1 1 1 1 1 1 4 5 3 1 1 2 1 6 1 1 6 2 2 5 1 2 79 4 1 6 3 1 1 13 1 3 1 1 2 21 1 5 1 2 3 1 3 1 119 1 1 5 1 14 4 4 2 13 15 1 2 3 1 3 3 2 1 7 1 1 1 1 1 1 3 1 1 1 26 15 4 1 1 1 1 1 1 2 2 6 7 11 1 5 1 14 1 3 4 11 1 11 1 1 1 8 4 1 1 1 1 1 1 6 1 2 2 1 2 1 55 7 1 4 7 12 1 1 1 1 2 2 1 1 1 1 1 1 4 3 1 1 5 2 1 12 1 1 4 1 1 2 3 1 4 1 1 1 1 1 7 123 2 1 1 1 3 1 1 1 1 1 5 2 1 6 2 4 1 1 4 1 2 1 1 2 1 3 2 
100 0.590000 0 0.000000
2 2 445 1 2 1 7 1 1489 1 869 1 1 23 3 5 9 3 1 9 16 2 10 1 1 1 1 2 1 1 1 4 1 7 1 1 6 1 50 8 5 1 1 2 1 1 8 9 1 1 8 1 1 1 2 1 1 7 2 1 1 1 1 1 1 1 7 1 1 1 1 7 1 5 88 8 13 1 1 5 2 1 1 1 1 14 9 1 1 2 1 1 1 14 1 1 1 1 6 2 1 1 3 1 1 1 2 1 10 1 3 1 1 12 1 1 2 4 3 1 8 1 36 1 5 203 214 1 1 4 1 1 1 1 7 1 1 3 1 3 1 1 4 1 13 4 2 1 6 66 4 1 1 2 1 2 1 4 2 7 1 2 2 1 5 2 509 2 1 26 3 1 1 1 1 1 3 1 1 1 2 1 1 1 2 206 3 1 1 1 15 1 2 1 5 1 14 4 1 1 21 105 2 2 3 1 2 1 1 40 1 3 1 1 1 210 1 15 1 2 11 30 2 1 1 1 3 267 1 1 2 5 1 1 1 2 1 2 1 1 1 1 7 1 1 1 1 4 11 2 18 1 24 1 30 1 3 2 2 1 1 1 7 1 1 2 25 1 7 1 1 18 1 3 4 84 2 2 1 5 2 1 1 1 1 2 27 1 2 4 1 33 2 1 2 1 1 5 2 1 1 1 1 12 1 1 1 3 2 2 1 1 
100 0.590000 0 0.000000
4 1 7 3 756 1 12 1 7 1472 1 1 1 95 9 3 41 7 5 1 1 1 3 1 1 1 1 1 1 1 1 1 7 1 1 1 1 2 4 1 11 1 1 10 1 1 5 1 1 3 1 7 1 1 1 1 17 2 1 4 9 3 1 1 8 47 7 5 1 16 1 1 1 9 3 1 3 2 1 1 1 1 1 1 1 3 1 1 16 1 2 1 1 1 4 12 1 3 3 1 1 1 2 7 4 1 4 1 18 8 1 2 2 2 1 1 1 14 1 8 491 1 2 11 127 1 1 1 4 1 1 1 1 23 618 1 9 1 1 1 1 3 1 1 1 5 1 2 1 1 1 1 1 4 1 1 1 3 1 1 1 1 3 3 1 1 2 3 1 3 1 1 694 1 1 1 1 2 5 1 1 4 8 1 2 1 1 1 2 4 1 2 1 2 2 1 209 11 1 1 1 1 1 1 1 1 1 1 1 1 1 2 5 1 5 1 8 1 7 1 1 2 1 32 12 4 2 1 39 1 2 1 2 1 7 14 1 2 72 1 1 2 1 1 4 18 1 1 1 7 3 98 1 4 1 2 155 11 2 1 1 1 1 1 4 1 1 1 2 4 1 5 1 1 1 2 1 1 1 1 1 1 1 59 22 1 2 2 1 2 3 1 1 3 2 1 1 35 1 16 8 1 2 1 1 8 2 1 5 1 1 5 1 1 3 3 2 1 3 2 2 1 1 1 
100 0.590000 0 0.000000
34 959 1 3 1 2 3324 5 2 2 1 15 1 8 1 2 2 1 1 1 1 1 1 3 1 1 4 2 1 3 2 2 1 1 1 1 1 5 1 1 1 4 1 1 1 6 1 2 1 1 1 2 1 1 2 1 1 1 2 1 8 1 1 1 3 1 2 2 1 7 1 1 5 1 1 1 1 1 4 2 1 13 8 7 1 1 2 2 4 34 1 5 2 9 4 26 1 8 1 1 1 3 1 1 1 1 31 2 1 1 17 1 6 1 1 2 2 1 1 1 4 1 1 5 2 4 1 13 2 10 2 9 2 1 1 1 1 1 1 1 22 3 1 1 6 1 2 9 1 1 1 3 15 1 4 8 1 1 1 1 1 3 1 1 2 12 2 168 1 1 115 73 1 1 32 1 1 1 1 1 1 13 1 1 9 20 18 1 9 1 1 5 1 9 1 3 2 1 3 53 1 1 21 1 33 1 1 5 1 3 1 1 2 1 51 1 11 1 56 2 1 1 7 1 4 5 4 14 1 1 1 9 1 32 1 3 7 15 2 1 1 5 1 1 4 1 1 10 1 3 1 1 1 1 1 1 3 1 7 11 1 5 1 8 23 1 15 1 2 2 14 15 1 2 1 5 1 2 4 1 3 1 1 3 1 1 1 5 3 1 1 1 1 1 1 2 1 1 2 
100 0.590000 0 0.000000
3 53 246 3 2 1 40 3 3 16 4 18 1 83 1 127 1 4 21 1 4 3 2 8 2891 508 1 7 3 1 1 1 1 1 2 1 1 3 1 4 4 1 1 9 5 1 2 1 1 1 10 1 5 71 3 1 2 1 8 1 5 2 1 1 1 1 1 1 2 1 1 1 1 1 2 7 33 4 1 6 185 2 3 1 1 1 1 1 1 6 1 8 2 3 1 1 1 4 1 2 1 14 1 1 14 1 2 1 3 1 1 60 1 1 3 1 7 3 6 1 13 1 1 78 1 2 1 1 1 1 4 1 58 4 1 1 11 1 3 1 1 2 5 6 1 2 1 1 1 4 1 1 1 3 2 10 3 3 1 1 1 1 109 2 4 1 1 2 1 3 1 1 3 2 1 1 2 1 1 1 9 1 1 1 1 6 2 1 1 2 1 2 1 1 1 2 9 1 2 2 1 1 1 1 9 2 2 5 1 4 1 4 12 1 9 1 1 1 1 3 1 3 1 1 2 10 4 1 1 1 1 1 8 2 19 5 3 2 8 1 1 1 3 1 3 1 4 1 2 6 15 32 1 1 2 4 2 28 1 2 3 2 7 2 1 1 2 455 9 2 1 1 1 1 1 1 2 19 3 1 1 3 1 1 1 4 2 1 1 1 1 1 2 1 1 1 1 2 5 2 1 1 1 2 5 2 2 12 1 2 13 2 2 1 4 1 1 1 1 1 2 
100 0.590000 1 0.257000
19 1 1 953 21 1 38 2 2570 2 6 1 2 1 1 1 1 1 1 1 1 24 1 1 19 1 1 1 1 5 1 1 30 1 1 1 1 1 2 1 1 1 1 5 1 2 1 4 2 5 1 1 1 1 1 13 1 2 1 1 1 25 1 1 1 1 1 1 1 1 2 1 1 1 1 1 51 10 7 2 43 2 1 1 1 3 6 1 5 19 3 336 1 3 1 1 2 2 11 16 1 1 12 1 1 18 1 8 1 1 41 3 1 1 58 1 1 9 1 11 1 1 1 1 22 1 1 2 1 11 1 1 1 1 2 1 2 1 1 1 1 2 1 6 1 1 14 11 1 6 5 2 1 1 1 4 11 1 1 1 3 1 1 4 1 2 2 1 3 2 1 4 1 2 2 1 1 1 1 14 1 1 1 4 1 1 1 1 1 1 3 1 5 3 1 1 1 2 1 3 3 2 2 1 24 6 1 1 17 3 562 1 2 7 12 1 1 1 1 7 14 19 1 1 2 2 1 1 268 1 2 5 1 4 2 2 1 3 5 1 1 1 1 3 3 1 1 1 1 2 1 11 27 1 16 2 6 11 1 1 1 2 1 4 1 8 1 1 14 2 1 1 1 1 2 1 1 1 6 1 1 1 1 2 8 1 3 1 6 1 7 3 1 2 1 1 1 1 1 1 3 2 1 2 
100 0.590000 0 0.000000
134 3 9 1 22 66 6 2986 1 1 52 1 8 1 1 1 1 2 1 1 5 7 1 8 1 1 1 1 91 1 3 1 1 1 1 7 1 11 3 1 1 1 2 1 5 2 17 1 1 1 1 2 5 1 1 7 2 1 1 7 4 1 11 1 9 1 1 1 1 1 2 1 1 1 1 45 1 2 1 1 1 3 3 1 1 1 1 1 1 4 1 1 1 1 1 1 1 1 6 61 1 1 1 1 1 3 1 1 1 2 1 1 2 5 3 1 1 1 1 3 1 1 1 11 1 1 1 3 5 3 1 1 1 2 1 6 1 3 1 1 1 4 1 2 1 9 1 1 1 1 1 1 1 1 3 1 5 4 5 1 14 1 3 5 1 4 1025 1 2 4 17 15 1 1 1 1 1 23 2 2 1 1 1 1 2 1 1 1 1 1 6 3 4 1 1 1 1 1 6 3 2 1 16 7 1 6 1 4 2 1 1 1 1 2 5 3 1 12 6 3 1 7 1 1 1 5 1 1 1 1 109 1 1 3 53 54 1 1 1 1 97 1 1 1 1 1 3 1 1 2 6 1 54 1 1 4 2 3 3 1 12 1 3 1 2 7 1 2 1 1 1 5 37 110 1 1 1 7 1 1 1 4 6 13 2 3 2 1 1 2 1 1 5 1 1 1 1 10 1 1 1 1 13 1 13 11 1 43 5 1 15 19 2 1 1 1 1 5 1 4 1 3 1 3 7 1 4 3 1 1 1 2 1 1 1 
